Dynamical matrix file
                                                                           
  1    2  2 10.2625000  0.0000000  0.0000000  0.0000000  0.0000000  0.0000000
           1  'Si  '    25597.911540284873     
    1    1      0.0000000000      0.0000000000      0.0000000000
    2    1      0.2500000000      0.2500000000      0.2500000000

     Dynamical  Matrix in cartesian axes

     q = (   -0.333333333   0.333333333  -0.333333333 ) 

    1    1
  0.29135826  0.00000000   -0.01606223  0.00000000    0.01606223  0.00000000
 -0.01606223  0.00000000    0.29135826  0.00000000   -0.01606223  0.00000000
  0.01606223  0.00000000   -0.01606223  0.00000000    0.29135826  0.00000000
    1    2
 -0.18465920 -0.05315122   -0.06566025  0.03883923    0.06566025 -0.03883923
 -0.06566025  0.03883923   -0.18465920 -0.05315122   -0.06566025  0.03883923
  0.06566025 -0.03883923   -0.06566025  0.03883923   -0.18465920 -0.05315122
    2    1
 -0.18465920  0.05315122   -0.06566025 -0.03883923    0.06566025  0.03883923
 -0.06566025 -0.03883923   -0.18465920  0.05315122   -0.06566025 -0.03883923
  0.06566025  0.03883923   -0.06566025 -0.03883923   -0.18465920  0.05315122
    2    2
  0.29135826  0.00000000   -0.01606223  0.00000000    0.01606223  0.00000000
 -0.01606223  0.00000000    0.29135826  0.00000000   -0.01606223  0.00000000
  0.01606223  0.00000000   -0.01606223  0.00000000    0.29135826  0.00000000

     Dynamical  Matrix in cartesian axes

     q = (    0.333333333   0.333333333  -0.333333333 ) 

    1    1
  0.29135826  0.00000000    0.01606223  0.00000000   -0.01606223  0.00000000
  0.01606223  0.00000000    0.29135826  0.00000000   -0.01606223  0.00000000
 -0.01606223  0.00000000   -0.01606223  0.00000000    0.29135826  0.00000000
    1    2
 -0.18465920  0.05315122    0.06566025  0.03883923   -0.06566025 -0.03883923
  0.06566025  0.03883923   -0.18465920  0.05315122   -0.06566025 -0.03883923
 -0.06566025 -0.03883923   -0.06566025 -0.03883923   -0.18465920  0.05315122
    2    1
 -0.18465920 -0.05315122    0.06566025 -0.03883923   -0.06566025  0.03883923
  0.06566025 -0.03883923   -0.18465920 -0.05315122   -0.06566025  0.03883923
 -0.06566025  0.03883923   -0.06566025  0.03883923   -0.18465920 -0.05315122
    2    2
  0.29135826  0.00000000    0.01606223  0.00000000   -0.01606223  0.00000000
  0.01606223  0.00000000    0.29135826  0.00000000   -0.01606223  0.00000000
 -0.01606223  0.00000000   -0.01606223  0.00000000    0.29135826  0.00000000

     Dynamical  Matrix in cartesian axes

     q = (    0.333333333   0.333333333   0.333333333 ) 

    1    1
  0.29135826  0.00000000    0.01606223  0.00000000    0.01606223  0.00000000
  0.01606223  0.00000000    0.29135826  0.00000000    0.01606223  0.00000000
  0.01606223  0.00000000    0.01606223  0.00000000    0.29135826  0.00000000
    1    2
  0.04629929  0.18649517   -0.06646589 -0.03744383   -0.06646589 -0.03744383
 -0.06646589 -0.03744383    0.04629929  0.18649517   -0.06646589 -0.03744383
 -0.06646589 -0.03744383   -0.06646589 -0.03744383    0.04629929  0.18649517
    2    1
  0.04629929 -0.18649517   -0.06646589  0.03744383   -0.06646589  0.03744383
 -0.06646589  0.03744383    0.04629929 -0.18649517   -0.06646589  0.03744383
 -0.06646589  0.03744383   -0.06646589  0.03744383    0.04629929 -0.18649517
    2    2
  0.29135826  0.00000000    0.01606223  0.00000000    0.01606223  0.00000000
  0.01606223  0.00000000    0.29135826  0.00000000    0.01606223  0.00000000
  0.01606223  0.00000000    0.01606223  0.00000000    0.29135826  0.00000000

     Dynamical  Matrix in cartesian axes

     q = (   -0.333333333   0.333333333   0.333333333 ) 

    1    1
  0.29135826  0.00000000   -0.01606223  0.00000000   -0.01606223  0.00000000
 -0.01606223  0.00000000    0.29135826  0.00000000    0.01606223  0.00000000
 -0.01606223  0.00000000    0.01606223  0.00000000    0.29135826  0.00000000
    1    2
 -0.18465920  0.05315122   -0.06566025 -0.03883923   -0.06566025 -0.03883923
 -0.06566025 -0.03883923   -0.18465920  0.05315122    0.06566025  0.03883923
 -0.06566025 -0.03883923    0.06566025  0.03883923   -0.18465920  0.05315122
    2    1
 -0.18465920 -0.05315122   -0.06566025  0.03883923   -0.06566025  0.03883923
 -0.06566025  0.03883923   -0.18465920 -0.05315122    0.06566025 -0.03883923
 -0.06566025  0.03883923    0.06566025 -0.03883923   -0.18465920 -0.05315122
    2    2
  0.29135826  0.00000000   -0.01606223  0.00000000   -0.01606223  0.00000000
 -0.01606223  0.00000000    0.29135826  0.00000000    0.01606223  0.00000000
 -0.01606223  0.00000000    0.01606223  0.00000000    0.29135826  0.00000000

     Dynamical  Matrix in cartesian axes

     q = (    0.333333333  -0.333333333   0.333333333 ) 

    1    1
  0.29135826  0.00000000   -0.01606223  0.00000000    0.01606223  0.00000000
 -0.01606223  0.00000000    0.29135826  0.00000000   -0.01606223  0.00000000
  0.01606223  0.00000000   -0.01606223  0.00000000    0.29135826  0.00000000
    1    2
 -0.18465920  0.05315122   -0.06566025 -0.03883923    0.06566025  0.03883923
 -0.06566025 -0.03883923   -0.18465920  0.05315122   -0.06566025 -0.03883923
  0.06566025  0.03883923   -0.06566025 -0.03883923   -0.18465920  0.05315122
    2    1
 -0.18465920 -0.05315122   -0.06566025  0.03883923    0.06566025 -0.03883923
 -0.06566025  0.03883923   -0.18465920 -0.05315122   -0.06566025  0.03883923
  0.06566025 -0.03883923   -0.06566025  0.03883923   -0.18465920 -0.05315122
    2    2
  0.29135826  0.00000000   -0.01606223  0.00000000    0.01606223  0.00000000
 -0.01606223  0.00000000    0.29135826  0.00000000   -0.01606223  0.00000000
  0.01606223  0.00000000   -0.01606223  0.00000000    0.29135826  0.00000000

     Dynamical  Matrix in cartesian axes

     q = (   -0.333333333  -0.333333333  -0.333333333 ) 

    1    1
  0.29135826  0.00000000    0.01606223  0.00000000    0.01606223  0.00000000
  0.01606223  0.00000000    0.29135826  0.00000000    0.01606223  0.00000000
  0.01606223  0.00000000    0.01606223  0.00000000    0.29135826  0.00000000
    1    2
  0.04629929 -0.18649517   -0.06646589  0.03744383   -0.06646589  0.03744383
 -0.06646589  0.03744383    0.04629929 -0.18649517   -0.06646589  0.03744383
 -0.06646589  0.03744383   -0.06646589  0.03744383    0.04629929 -0.18649517
    2    1
  0.04629929  0.18649517   -0.06646589 -0.03744383   -0.06646589 -0.03744383
 -0.06646589 -0.03744383    0.04629929  0.18649517   -0.06646589 -0.03744383
 -0.06646589 -0.03744383   -0.06646589 -0.03744383    0.04629929  0.18649517
    2    2
  0.29135826  0.00000000    0.01606223  0.00000000    0.01606223  0.00000000
  0.01606223  0.00000000    0.29135826  0.00000000    0.01606223  0.00000000
  0.01606223  0.00000000    0.01606223  0.00000000    0.29135826  0.00000000

     Dynamical  Matrix in cartesian axes

     q = (    0.333333333  -0.333333333  -0.333333333 ) 

    1    1
  0.29135826  0.00000000   -0.01606223  0.00000000   -0.01606223  0.00000000
 -0.01606223  0.00000000    0.29135826  0.00000000    0.01606223  0.00000000
 -0.01606223  0.00000000    0.01606223  0.00000000    0.29135826  0.00000000
    1    2
 -0.18465920 -0.05315122   -0.06566025  0.03883923   -0.06566025  0.03883923
 -0.06566025  0.03883923   -0.18465920 -0.05315122    0.06566025 -0.03883923
 -0.06566025  0.03883923    0.06566025 -0.03883923   -0.18465920 -0.05315122
    2    1
 -0.18465920  0.05315122   -0.06566025 -0.03883923   -0.06566025 -0.03883923
 -0.06566025 -0.03883923   -0.18465920  0.05315122    0.06566025  0.03883923
 -0.06566025 -0.03883923    0.06566025  0.03883923   -0.18465920  0.05315122
    2    2
  0.29135826  0.00000000   -0.01606223  0.00000000   -0.01606223  0.00000000
 -0.01606223  0.00000000    0.29135826  0.00000000    0.01606223  0.00000000
 -0.01606223  0.00000000    0.01606223  0.00000000    0.29135826  0.00000000

     Dynamical  Matrix in cartesian axes

     q = (   -0.333333333  -0.333333333   0.333333333 ) 

    1    1
  0.29135826  0.00000000    0.01606223  0.00000000   -0.01606223  0.00000000
  0.01606223  0.00000000    0.29135826  0.00000000   -0.01606223  0.00000000
 -0.01606223  0.00000000   -0.01606223  0.00000000    0.29135826  0.00000000
    1    2
 -0.18465920 -0.05315122    0.06566025 -0.03883923   -0.06566025  0.03883923
  0.06566025 -0.03883923   -0.18465920 -0.05315122   -0.06566025  0.03883923
 -0.06566025  0.03883923   -0.06566025  0.03883923   -0.18465920 -0.05315122
    2    1
 -0.18465920  0.05315122    0.06566025  0.03883923   -0.06566025 -0.03883923
  0.06566025  0.03883923   -0.18465920  0.05315122   -0.06566025 -0.03883923
 -0.06566025 -0.03883923   -0.06566025 -0.03883923   -0.18465920  0.05315122
    2    2
  0.29135826  0.00000000    0.01606223  0.00000000   -0.01606223  0.00000000
  0.01606223  0.00000000    0.29135826  0.00000000   -0.01606223  0.00000000
 -0.01606223  0.00000000   -0.01606223  0.00000000    0.29135826  0.00000000

     Diagonalizing the dynamical matrix

     q = (   -0.333333333   0.333333333  -0.333333333 ) 

 **************************************************************************
     freq (    1) =       3.222966 [THz] =     107.506571 [cm-1]
 ( -0.457595 -0.146762 -0.495432 -0.148925 -0.037836 -0.002163 ) 
 ( -0.465227 -0.120403 -0.503125 -0.120403 -0.037898  0.000000 ) 
     freq (    2) =       3.222966 [THz] =     107.506571 [cm-1]
 (  0.318930  0.026168 -0.256236 -0.006717 -0.575166 -0.032885 ) 
 (  0.319903  0.007920 -0.256202  0.007920 -0.576105  0.000000 ) 
     freq (    3) =       8.776965 [THz] =     292.768027 [cm-1]
 (  0.154124  0.378038 -0.154124 -0.378038  0.154124  0.378038 ) 
 (  0.408248 -0.000000 -0.408248 -0.000000  0.408248  0.000000 ) 
     freq (    4) =      14.018150 [THz] =     467.595148 [cm-1]
 ( -0.154124 -0.378038  0.154124  0.378038 -0.154124 -0.378038 ) 
 (  0.408248  0.000000 -0.408248  0.000000  0.408248 -0.000000 ) 
     freq (    5) =      14.913366 [THz] =     497.456334 [cm-1]
 ( -0.359806 -0.233168  0.143232 -0.204407  0.503038  0.028761 ) 
 (  0.372529  0.212250 -0.131330  0.212250 -0.503860  0.000000 ) 
     freq (    6) =      14.913366 [THz] =     497.456334 [cm-1]
 ( -0.052847 -0.383031 -0.334272 -0.399121 -0.281425 -0.016090 ) 
 (  0.074625  0.379390  0.356510  0.379390  0.281884  0.000000 ) 
 **************************************************************************
