Dynamical matrix file
                                                                           
  1    2  2 10.2625000  0.0000000  0.0000000  0.0000000  0.0000000  0.0000000
           1  'Si  '    25597.911540284873     
    1    1      0.0000000000      0.0000000000      0.0000000000
    2    1      0.2500000000      0.2500000000      0.2500000000

     Dynamical  Matrix in cartesian axes

     q = (    0.666666667   0.000000000   0.666666667 ) 

    1    1
  0.26593426  0.00000000    0.00000000  0.01699130    0.00781426  0.00000000
  0.00000000 -0.01699130    0.30990852  0.00000000    0.00000000 -0.01699130
  0.00781426  0.00000000    0.00000000  0.01699130    0.26593426  0.00000000
    1    2
  0.03117591  0.05399826   -0.06958426  0.04017449   -0.07252499 -0.12561697
 -0.06958426  0.04017449    0.04566130  0.07908770   -0.06958426  0.04017449
 -0.07252499 -0.12561697   -0.06958426  0.04017449    0.03117591  0.05399826
    2    1
  0.03117591 -0.05399826   -0.06958426 -0.04017449   -0.07252499  0.12561697
 -0.06958426 -0.04017449    0.04566130 -0.07908770   -0.06958426 -0.04017449
 -0.07252499  0.12561697   -0.06958426 -0.04017449    0.03117591 -0.05399826
    2    2
  0.26593426  0.00000000    0.00000000 -0.01699130    0.00781426  0.00000000
  0.00000000  0.01699130    0.30990852  0.00000000    0.00000000  0.01699130
  0.00781426  0.00000000    0.00000000 -0.01699130    0.26593426  0.00000000

     Dynamical  Matrix in cartesian axes

     q = (    0.666666667   0.000000000  -0.666666667 ) 

    1    1
  0.26593426  0.00000000    0.00000000 -0.01699130   -0.00781426  0.00000000
  0.00000000  0.01699130    0.30990852  0.00000000    0.00000000 -0.01699130
 -0.00781426  0.00000000    0.00000000  0.01699130    0.26593426  0.00000000
    1    2
 -0.06235182  0.00000000    0.00000000  0.08034898   -0.14504998  0.00000000
  0.00000000  0.08034898   -0.09132261  0.00000000   -0.00000000 -0.08034898
 -0.14504998  0.00000000   -0.00000000 -0.08034898   -0.06235182 -0.00000000
    2    1
 -0.06235182 -0.00000000    0.00000000 -0.08034898   -0.14504998 -0.00000000
  0.00000000 -0.08034898   -0.09132261  0.00000000   -0.00000000  0.08034898
 -0.14504998 -0.00000000   -0.00000000  0.08034898   -0.06235182 -0.00000000
    2    2
  0.26593426  0.00000000    0.00000000  0.01699130   -0.00781426  0.00000000
  0.00000000 -0.01699130    0.30990852  0.00000000    0.00000000  0.01699130
 -0.00781426  0.00000000    0.00000000 -0.01699130    0.26593426  0.00000000

     Dynamical  Matrix in cartesian axes

     q = (   -0.666666667   0.000000000  -0.666666667 ) 

    1    1
  0.26593426  0.00000000    0.00000000 -0.01699130    0.00781426  0.00000000
  0.00000000  0.01699130    0.30990852  0.00000000    0.00000000  0.01699130
  0.00781426  0.00000000    0.00000000 -0.01699130    0.26593426  0.00000000
    1    2
  0.03117591 -0.05399826   -0.06958426 -0.04017449   -0.07252499  0.12561697
 -0.06958426 -0.04017449    0.04566130 -0.07908770   -0.06958426 -0.04017449
 -0.07252499  0.12561697   -0.06958426 -0.04017449    0.03117591 -0.05399826
    2    1
  0.03117591  0.05399826   -0.06958426  0.04017449   -0.07252499 -0.12561697
 -0.06958426  0.04017449    0.04566130  0.07908770   -0.06958426  0.04017449
 -0.07252499 -0.12561697   -0.06958426  0.04017449    0.03117591  0.05399826
    2    2
  0.26593426  0.00000000    0.00000000  0.01699130    0.00781426  0.00000000
  0.00000000 -0.01699130    0.30990852  0.00000000    0.00000000 -0.01699130
  0.00781426  0.00000000    0.00000000  0.01699130    0.26593426  0.00000000

     Dynamical  Matrix in cartesian axes

     q = (   -0.666666667   0.000000000   0.666666667 ) 

    1    1
  0.26593426  0.00000000    0.00000000  0.01699130   -0.00781426  0.00000000
  0.00000000 -0.01699130    0.30990852  0.00000000    0.00000000  0.01699130
 -0.00781426  0.00000000    0.00000000 -0.01699130    0.26593426  0.00000000
    1    2
 -0.06235182 -0.00000000    0.00000000 -0.08034898   -0.14504998 -0.00000000
  0.00000000 -0.08034898   -0.09132261  0.00000000   -0.00000000  0.08034898
 -0.14504998 -0.00000000   -0.00000000  0.08034898   -0.06235182  0.00000000
    2    1
 -0.06235182  0.00000000    0.00000000  0.08034898   -0.14504998  0.00000000
  0.00000000  0.08034898   -0.09132261  0.00000000   -0.00000000 -0.08034898
 -0.14504998  0.00000000   -0.00000000 -0.08034898   -0.06235182  0.00000000
    2    2
  0.26593426  0.00000000    0.00000000 -0.01699130   -0.00781426  0.00000000
  0.00000000  0.01699130    0.30990852  0.00000000    0.00000000 -0.01699130
 -0.00781426  0.00000000    0.00000000  0.01699130    0.26593426  0.00000000

     Dynamical  Matrix in cartesian axes

     q = (    0.000000000  -0.666666667   0.666666667 ) 

    1    1
  0.30990852  0.00000000    0.00000000 -0.01699130    0.00000000  0.01699130
  0.00000000  0.01699130    0.26593426  0.00000000   -0.00781426  0.00000000
  0.00000000 -0.01699130   -0.00781426  0.00000000    0.26593426  0.00000000
    1    2
 -0.09132261  0.00000000    0.00000000 -0.08034898    0.00000000  0.08034898
  0.00000000 -0.08034898   -0.06235182  0.00000000   -0.14504998  0.00000000
  0.00000000  0.08034898   -0.14504998  0.00000000   -0.06235182  0.00000000
    2    1
 -0.09132261  0.00000000   -0.00000000  0.08034898    0.00000000 -0.08034898
  0.00000000  0.08034898   -0.06235182  0.00000000   -0.14504998  0.00000000
  0.00000000 -0.08034898   -0.14504998  0.00000000   -0.06235182  0.00000000
    2    2
  0.30990852  0.00000000    0.00000000  0.01699130    0.00000000 -0.01699130
  0.00000000 -0.01699130    0.26593426  0.00000000   -0.00781426  0.00000000
  0.00000000  0.01699130   -0.00781426  0.00000000    0.26593426  0.00000000

     Dynamical  Matrix in cartesian axes

     q = (   -0.666666667   0.666666667   0.000000000 ) 

    1    1
  0.26593426  0.00000000   -0.00781426  0.00000000    0.00000000  0.01699130
 -0.00781426  0.00000000    0.26593426  0.00000000    0.00000000 -0.01699130
  0.00000000 -0.01699130    0.00000000  0.01699130    0.30990852  0.00000000
    1    2
 -0.06235182  0.00000000   -0.14504998  0.00000000    0.00000000 -0.08034898
 -0.14504998  0.00000000   -0.06235182  0.00000000    0.00000000  0.08034898
  0.00000000 -0.08034898    0.00000000  0.08034898   -0.09132261  0.00000000
    2    1
 -0.06235182  0.00000000   -0.14504998  0.00000000    0.00000000  0.08034898
 -0.14504998  0.00000000   -0.06235182  0.00000000    0.00000000 -0.08034898
  0.00000000  0.08034898    0.00000000 -0.08034898   -0.09132261  0.00000000
    2    2
  0.26593426  0.00000000   -0.00781426  0.00000000    0.00000000 -0.01699130
 -0.00781426  0.00000000    0.26593426  0.00000000    0.00000000  0.01699130
  0.00000000  0.01699130    0.00000000 -0.01699130    0.30990852  0.00000000

     Dynamical  Matrix in cartesian axes

     q = (   -0.666666667  -0.666666667   0.000000000 ) 

    1    1
  0.26593426  0.00000000    0.00781426  0.00000000    0.00000000 -0.01699130
  0.00781426  0.00000000    0.26593426  0.00000000    0.00000000 -0.01699130
  0.00000000  0.01699130    0.00000000  0.01699130    0.30990852  0.00000000
    1    2
  0.03117591 -0.05399826   -0.07252499  0.12561697   -0.06958426 -0.04017449
 -0.07252499  0.12561697    0.03117591 -0.05399826   -0.06958426 -0.04017449
 -0.06958426 -0.04017449   -0.06958426 -0.04017449    0.04566130 -0.07908770
    2    1
  0.03117591  0.05399826   -0.07252499 -0.12561697   -0.06958426  0.04017449
 -0.07252499 -0.12561697    0.03117591  0.05399826   -0.06958426  0.04017449
 -0.06958426  0.04017449   -0.06958426  0.04017449    0.04566130  0.07908770
    2    2
  0.26593426  0.00000000    0.00781426  0.00000000    0.00000000  0.01699130
  0.00781426  0.00000000    0.26593426  0.00000000    0.00000000  0.01699130
  0.00000000 -0.01699130    0.00000000 -0.01699130    0.30990852  0.00000000

     Dynamical  Matrix in cartesian axes

     q = (    0.666666667   0.666666667   0.000000000 ) 

    1    1
  0.26593426  0.00000000    0.00781426  0.00000000    0.00000000  0.01699130
  0.00781426  0.00000000    0.26593426  0.00000000    0.00000000  0.01699130
  0.00000000 -0.01699130    0.00000000 -0.01699130    0.30990852  0.00000000
    1    2
  0.03117591  0.05399826   -0.07252499 -0.12561697   -0.06958426  0.04017449
 -0.07252499 -0.12561697    0.03117591  0.05399826   -0.06958426  0.04017449
 -0.06958426  0.04017449   -0.06958426  0.04017449    0.04566130  0.07908770
    2    1
  0.03117591 -0.05399826   -0.07252499  0.12561697   -0.06958426 -0.04017449
 -0.07252499  0.12561697    0.03117591 -0.05399826   -0.06958426 -0.04017449
 -0.06958426 -0.04017449   -0.06958426 -0.04017449    0.04566130 -0.07908770
    2    2
  0.26593426  0.00000000    0.00781426  0.00000000    0.00000000 -0.01699130
  0.00781426  0.00000000    0.26593426  0.00000000    0.00000000 -0.01699130
  0.00000000  0.01699130    0.00000000  0.01699130    0.30990852  0.00000000

     Dynamical  Matrix in cartesian axes

     q = (    0.666666667  -0.666666667   0.000000000 ) 

    1    1
  0.26593426  0.00000000   -0.00781426  0.00000000    0.00000000 -0.01699130
 -0.00781426  0.00000000    0.26593426  0.00000000    0.00000000  0.01699130
  0.00000000  0.01699130    0.00000000 -0.01699130    0.30990852  0.00000000
    1    2
 -0.06235182  0.00000000   -0.14504998  0.00000000    0.00000000  0.08034898
 -0.14504998  0.00000000   -0.06235182  0.00000000    0.00000000 -0.08034898
  0.00000000  0.08034898    0.00000000 -0.08034898   -0.09132261  0.00000000
    2    1
 -0.06235182  0.00000000   -0.14504998  0.00000000   -0.00000000 -0.08034898
 -0.14504998  0.00000000   -0.06235182  0.00000000   -0.00000000  0.08034898
 -0.00000000 -0.08034898   -0.00000000  0.08034898   -0.09132261  0.00000000
    2    2
  0.26593426  0.00000000   -0.00781426  0.00000000    0.00000000  0.01699130
 -0.00781426  0.00000000    0.26593426  0.00000000    0.00000000 -0.01699130
  0.00000000 -0.01699130    0.00000000  0.01699130    0.30990852  0.00000000

     Dynamical  Matrix in cartesian axes

     q = (    0.000000000   0.666666667   0.666666667 ) 

    1    1
  0.30990852  0.00000000    0.00000000 -0.01699130    0.00000000 -0.01699130
  0.00000000  0.01699130    0.26593426  0.00000000    0.00781426  0.00000000
  0.00000000  0.01699130    0.00781426  0.00000000    0.26593426  0.00000000
    1    2
  0.04566130  0.07908770   -0.06958426  0.04017449   -0.06958426  0.04017449
 -0.06958426  0.04017449    0.03117591  0.05399826   -0.07252499 -0.12561697
 -0.06958426  0.04017449   -0.07252499 -0.12561697    0.03117591  0.05399826
    2    1
  0.04566130 -0.07908770   -0.06958426 -0.04017449   -0.06958426 -0.04017449
 -0.06958426 -0.04017449    0.03117591 -0.05399826   -0.07252499  0.12561697
 -0.06958426 -0.04017449   -0.07252499  0.12561697    0.03117591 -0.05399826
    2    2
  0.30990852  0.00000000    0.00000000  0.01699130    0.00000000  0.01699130
  0.00000000 -0.01699130    0.26593426  0.00000000    0.00781426  0.00000000
  0.00000000 -0.01699130    0.00781426  0.00000000    0.26593426  0.00000000

     Dynamical  Matrix in cartesian axes

     q = (    0.000000000   0.666666667  -0.666666667 ) 

    1    1
  0.30990852  0.00000000    0.00000000  0.01699130    0.00000000 -0.01699130
  0.00000000 -0.01699130    0.26593426  0.00000000   -0.00781426  0.00000000
  0.00000000  0.01699130   -0.00781426  0.00000000    0.26593426  0.00000000
    1    2
 -0.09132261  0.00000000   -0.00000000  0.08034898    0.00000000 -0.08034898
  0.00000000  0.08034898   -0.06235182  0.00000000   -0.14504998  0.00000000
 -0.00000000 -0.08034898   -0.14504998  0.00000000   -0.06235182  0.00000000
    2    1
 -0.09132261  0.00000000    0.00000000 -0.08034898    0.00000000  0.08034898
 -0.00000000 -0.08034898   -0.06235182  0.00000000   -0.14504998  0.00000000
  0.00000000  0.08034898   -0.14504998  0.00000000   -0.06235182  0.00000000
    2    2
  0.30990852  0.00000000    0.00000000 -0.01699130    0.00000000  0.01699130
  0.00000000  0.01699130    0.26593426  0.00000000   -0.00781426  0.00000000
  0.00000000 -0.01699130   -0.00781426  0.00000000    0.26593426  0.00000000

     Dynamical  Matrix in cartesian axes

     q = (    0.000000000  -0.666666667  -0.666666667 ) 

    1    1
  0.30990852  0.00000000    0.00000000  0.01699130    0.00000000  0.01699130
  0.00000000 -0.01699130    0.26593426  0.00000000    0.00781426  0.00000000
  0.00000000 -0.01699130    0.00781426  0.00000000    0.26593426  0.00000000
    1    2
  0.04566130 -0.07908770   -0.06958426 -0.04017449   -0.06958426 -0.04017449
 -0.06958426 -0.04017449    0.03117591 -0.05399826   -0.07252499  0.12561697
 -0.06958426 -0.04017449   -0.07252499  0.12561697    0.03117591 -0.05399826
    2    1
  0.04566130  0.07908770   -0.06958426  0.04017449   -0.06958426  0.04017449
 -0.06958426  0.04017449    0.03117591  0.05399826   -0.07252499 -0.12561697
 -0.06958426  0.04017449   -0.07252499 -0.12561697    0.03117591  0.05399826
    2    2
  0.30990852  0.00000000    0.00000000 -0.01699130    0.00000000 -0.01699130
  0.00000000  0.01699130    0.26593426  0.00000000    0.00781426  0.00000000
  0.00000000  0.01699130    0.00781426  0.00000000    0.26593426  0.00000000

     Diagonalizing the dynamical matrix

     q = (    0.666666667  -0.000000000   0.666666667 ) 

 **************************************************************************
     freq (    1) =       4.630786 [THz] =     154.466394 [cm-1]
 (  0.250000  0.433013  0.000000 -0.000000 -0.250000 -0.433013 ) 
 ( -0.500000  0.000000 -0.000000  0.000000  0.500000  0.000000 ) 
     freq (    2) =       6.947679 [THz] =     231.749637 [cm-1]
 ( -0.189726 -0.328615 -0.398778  0.230234 -0.189726 -0.328615 ) 
 ( -0.379452  0.000000  0.000000 -0.460469 -0.379452  0.000000 ) 
     freq (    3) =      10.060216 [THz] =     335.572690 [cm-1]
 ( -0.190440 -0.329851  0.396732 -0.229053 -0.190440 -0.329851 ) 
 (  0.380879  0.000000  0.000000 -0.458107  0.380879  0.000000 ) 
     freq (    4) =      11.177127 [THz] =     372.828842 [cm-1]
 ( -0.162800 -0.281978  0.464732 -0.268313 -0.162800 -0.281978 ) 
 ( -0.325601 -0.000000 -0.000000  0.536627 -0.325601  0.000000 ) 
     freq (    5) =      14.029519 [THz] =     467.974379 [cm-1]
 ( -0.250000 -0.433013 -0.000000  0.000000  0.250000  0.433013 ) 
 ( -0.500000 -0.000000 -0.000000  0.000000  0.500000  0.000000 ) 
     freq (    6) =      14.803581 [THz] =     493.794319 [cm-1]
 ( -0.161965 -0.280532 -0.466480  0.269322 -0.161965 -0.280532 ) 
 (  0.323930  0.000000 -0.000000  0.538645  0.323930  0.000000 ) 
 **************************************************************************
