Dynamical matrix file
                                                                           
  1    2  2 10.2625000  0.0000000  0.0000000  0.0000000  0.0000000  0.0000000
           1  'Si  '    25597.911540284873     
    1    1      0.0000000000      0.0000000000      0.0000000000
    2    1      0.2500000000      0.2500000000      0.2500000000

     Dynamical  Matrix in cartesian axes

     q = (    0.000000000   0.666666667   0.000000000 ) 

    1    1
  0.25551783  0.00000000    0.00000000  0.00000000    0.00000000  0.00000000
  0.00000000  0.00000000    0.34238557  0.00000000    0.00000000  0.00000000
 -0.00000000  0.00000000    0.00000000  0.00000000    0.25551783  0.00000000
    1    2
 -0.06390221  0.11068187   -0.00000000 -0.00000000   -0.14613477 -0.08437095
 -0.00000000 -0.00000000   -0.07180593  0.12437153    0.00000000 -0.00000000
 -0.14613477 -0.08437095    0.00000000 -0.00000000   -0.06390221  0.11068187
    2    1
 -0.06390221 -0.11068187    0.00000000 -0.00000000   -0.14613477  0.08437095
  0.00000000 -0.00000000   -0.07180593 -0.12437153    0.00000000 -0.00000000
 -0.14613477  0.08437095    0.00000000 -0.00000000   -0.06390221 -0.11068187
    2    2
  0.25551783  0.00000000   -0.00000000  0.00000000    0.00000000  0.00000000
  0.00000000  0.00000000    0.34238557  0.00000000    0.00000000  0.00000000
  0.00000000  0.00000000   -0.00000000  0.00000000    0.25551783  0.00000000

     Dynamical  Matrix in cartesian axes

     q = (   -0.666666667   0.000000000   0.000000000 ) 

    1    1
  0.34238557  0.00000000   -0.00000000  0.00000000    0.00000000  0.00000000
  0.00000000  0.00000000    0.25551783  0.00000000    0.00000000  0.00000000
 -0.00000000  0.00000000    0.00000000  0.00000000    0.25551783  0.00000000
    1    2
 -0.07180593 -0.12437153   -0.00000000  0.00000000   -0.00000000  0.00000000
  0.00000000  0.00000000   -0.06390221 -0.11068187   -0.14613477  0.08437095
  0.00000000 -0.00000000   -0.14613477  0.08437095   -0.06390221 -0.11068187
    2    1
 -0.07180593  0.12437153   -0.00000000  0.00000000   -0.00000000 -0.00000000
 -0.00000000  0.00000000   -0.06390221  0.11068187   -0.14613477 -0.08437095
 -0.00000000  0.00000000   -0.14613477 -0.08437095   -0.06390221  0.11068187
    2    2
  0.34238557  0.00000000    0.00000000  0.00000000    0.00000000  0.00000000
  0.00000000  0.00000000    0.25551783  0.00000000    0.00000000  0.00000000
  0.00000000  0.00000000    0.00000000  0.00000000    0.25551783  0.00000000

     Dynamical  Matrix in cartesian axes

     q = (    0.000000000  -0.666666667   0.000000000 ) 

    1    1
  0.25551783  0.00000000    0.00000000  0.00000000    0.00000000  0.00000000
  0.00000000  0.00000000    0.34238557  0.00000000    0.00000000  0.00000000
 -0.00000000  0.00000000    0.00000000  0.00000000    0.25551783  0.00000000
    1    2
 -0.06390221 -0.11068187    0.00000000  0.00000000   -0.14613477  0.08437095
  0.00000000  0.00000000   -0.07180593 -0.12437153    0.00000000  0.00000000
 -0.14613477  0.08437095   -0.00000000  0.00000000   -0.06390221 -0.11068187
    2    1
 -0.06390221  0.11068187   -0.00000000  0.00000000   -0.14613477 -0.08437095
 -0.00000000  0.00000000   -0.07180593  0.12437153    0.00000000  0.00000000
 -0.14613477 -0.08437095    0.00000000  0.00000000   -0.06390221  0.11068187
    2    2
  0.25551783  0.00000000   -0.00000000  0.00000000   -0.00000000  0.00000000
  0.00000000  0.00000000    0.34238557  0.00000000    0.00000000  0.00000000
 -0.00000000  0.00000000   -0.00000000  0.00000000    0.25551783  0.00000000

     Dynamical  Matrix in cartesian axes

     q = (    0.000000000   0.000000000   0.666666667 ) 

    1    1
  0.25551783  0.00000000   -0.00000000  0.00000000    0.00000000  0.00000000
 -0.00000000  0.00000000    0.25551783  0.00000000    0.00000000  0.00000000
  0.00000000  0.00000000   -0.00000000  0.00000000    0.34238557  0.00000000
    1    2
 -0.06390221  0.11068187   -0.14613477 -0.08437095   -0.00000000 -0.00000000
 -0.14613477 -0.08437095   -0.06390221  0.11068187    0.00000000  0.00000000
 -0.00000000 -0.00000000    0.00000000  0.00000000   -0.07180593  0.12437153
    2    1
 -0.06390221 -0.11068187   -0.14613477  0.08437095    0.00000000  0.00000000
 -0.14613477  0.08437095   -0.06390221 -0.11068187    0.00000000 -0.00000000
  0.00000000  0.00000000    0.00000000 -0.00000000   -0.07180593 -0.12437153
    2    2
  0.25551783  0.00000000   -0.00000000  0.00000000    0.00000000  0.00000000
 -0.00000000  0.00000000    0.25551783  0.00000000   -0.00000000  0.00000000
  0.00000000  0.00000000    0.00000000  0.00000000    0.34238557  0.00000000

     Dynamical  Matrix in cartesian axes

     q = (    0.000000000   0.000000000  -0.666666667 ) 

    1    1
  0.25551783  0.00000000   -0.00000000  0.00000000    0.00000000  0.00000000
 -0.00000000  0.00000000    0.25551783  0.00000000    0.00000000  0.00000000
  0.00000000  0.00000000    0.00000000  0.00000000    0.34238557  0.00000000
    1    2
 -0.06390221 -0.11068187   -0.14613477  0.08437095    0.00000000 -0.00000000
 -0.14613477  0.08437095   -0.06390221 -0.11068187   -0.00000000  0.00000000
  0.00000000 -0.00000000   -0.00000000  0.00000000   -0.07180593 -0.12437153
    2    1
 -0.06390221  0.11068187   -0.14613477 -0.08437095   -0.00000000  0.00000000
 -0.14613477 -0.08437095   -0.06390221  0.11068187    0.00000000  0.00000000
 -0.00000000  0.00000000   -0.00000000 -0.00000000   -0.07180593  0.12437153
    2    2
  0.25551783  0.00000000   -0.00000000  0.00000000   -0.00000000  0.00000000
 -0.00000000  0.00000000    0.25551783  0.00000000   -0.00000000  0.00000000
  0.00000000  0.00000000   -0.00000000  0.00000000    0.34238557  0.00000000

     Dynamical  Matrix in cartesian axes

     q = (    0.666666667   0.000000000   0.000000000 ) 

    1    1
  0.34238557  0.00000000   -0.00000000  0.00000000    0.00000000  0.00000000
  0.00000000  0.00000000    0.25551783  0.00000000    0.00000000  0.00000000
  0.00000000  0.00000000    0.00000000  0.00000000    0.25551783  0.00000000
    1    2
 -0.07180593  0.12437153   -0.00000000  0.00000000    0.00000000 -0.00000000
  0.00000000 -0.00000000   -0.06390221  0.11068187   -0.14613477 -0.08437095
  0.00000000  0.00000000   -0.14613477 -0.08437095   -0.06390221  0.11068187
    2    1
 -0.07180593 -0.12437153   -0.00000000  0.00000000   -0.00000000  0.00000000
 -0.00000000  0.00000000   -0.06390221 -0.11068187   -0.14613477  0.08437095
 -0.00000000  0.00000000   -0.14613477  0.08437095   -0.06390221 -0.11068187
    2    2
  0.34238557  0.00000000   -0.00000000  0.00000000   -0.00000000  0.00000000
 -0.00000000  0.00000000    0.25551783  0.00000000    0.00000000  0.00000000
  0.00000000  0.00000000    0.00000000  0.00000000    0.25551783  0.00000000

     Diagonalizing the dynamical matrix

     q = (    0.000000000   0.666666667   0.000000000 ) 

 **************************************************************************
     freq (    1) =       4.305312 [THz] =     143.609761 [cm-1]
 ( -0.266019 -0.399556  0.000000 -0.000000  0.461793 -0.237353 ) 
 (  0.352812 -0.607635  0.000000  0.000000 -0.079391  0.000000 ) 
     freq (    2) =       4.305312 [THz] =     143.609761 [cm-1]
 ( -0.461208 -0.238487 -0.000000  0.000000 -0.267000  0.398901 ) 
 ( -0.039864  0.068657 -0.000000 -0.000000 -0.702636  0.000000 ) 
     freq (    3) =       9.167528 [THz] =     305.795811 [cm-1]
 (  0.000000  0.000000  0.573418 -0.413753 -0.000000  0.000000 ) 
 ( -0.000000  0.000000  0.645030  0.289718 -0.000000  0.000000 ) 
     freq (    4) =      14.054729 [THz] =     468.815310 [cm-1]
 ( -0.498314 -0.239893 -0.000000 -0.000000 -0.265944  0.351295 ) 
 (  0.068576 -0.015544 -0.000000  0.000000  0.703602  0.000000 ) 
     freq (    5) =      14.054729 [THz] =     468.815310 [cm-1]
 (  0.077281 -0.433776  0.000000  0.000000  0.514490  0.202894 ) 
 ( -0.686195  0.155536  0.000000 -0.000000  0.070316  0.000000 ) 
     freq (    6) =      14.334738 [THz] =     478.155391 [cm-1]
 ( -0.000000  0.000000  0.414516  0.572867 -0.000000 -0.000000 ) 
 (  0.000000 -0.000000  0.288859 -0.645415  0.000000  0.000000 ) 
 **************************************************************************
